1492063391.838713,14
1492063391.844276,14
1492063391.849094,14
1492063391.859300,14
1492063391.866464,14
1492063391.871942,14
1492063391.876320,14
1492063391.880334,14
1492063391.885073,14
1492063391.891241,14
1492063391.896230,14
1492063391.900254,14
1492063391.906151,14
1492063391.912277,14
1492063391.920675,14
1492063391.928752,14
1492063391.935087,14
1492063391.941452,14
1492063391.946023,14
1492063391.954019,14
1492063391.960128,14
1492063391.966577,14
1492063391.975054,14
1492063391.982503,14
1492063391.989497,14
1492063391.994200,14
1492063392.001010,14
1492063392.005422,14
1492063392.011532,14
1492063392.015893,14
1492063392.020033,14
1492063392.026065,14
1492063392.029964,14
1492063392.034390,14
1492063392.039368,14
1492063392.043858,14
1492063392.047909,14
1492063392.052013,14
1492063392.060833,14
1492063392.064926,14
1492063392.068664,14
1492063392.073091,14
1492063392.077248,14
1492063392.081185,14
1492063392.085998,14
1492063392.091746,14
1492063392.096749,14
1492063392.100928,14
1492063392.105503,14
1492063392.109934,14
1492063392.113956,14
1492063392.120660,14
1492063392.125271,14
1492063392.129173,14
1492063392.133032,14
1492063392.137618,14
1492063392.142613,14
1492063392.146893,14
1492063392.152981,14
1492063392.157420,14
1492063392.161801,14
1492063392.168597,14
1492063392.172974,14
1492063392.176976,14
1492063392.181438,14
1492063392.187307,14
1492063392.193284,14
1492063392.198230,14
1492063392.202416,14
1492063392.207097,14
1492063392.211262,14
1492063392.218545,14
1492063392.227958,14
1492063392.232094,14
1492063392.235872,14
1492063392.240835,14
1492063392.244879,14
1492063392.249465,14
1492063392.254024,14
1492063392.260546,14
1492063392.264319,14
1492063392.268303,14
1492063392.272604,14
1492063392.277232,14
1492063392.281440,14
1492063392.285660,14
1492063392.294304,14
1492063392.298848,14
1492063392.303162,14
1492063392.309193,14
1492063392.313264,14
1492063392.317690,14
1492063392.321964,14
1492063392.328369,14
1492063392.332486,14
1492063392.342105,14
1492063392.346354,14
1492063392.350746,14
1492063392.355037,14
1492063392.359441,14
1492063392.364825,14
1492063392.372355,14
1492063392.376770,14
1492063392.380623,14
1492063392.384871,14
1492063392.389597,14
1492063392.393734,14
1492063392.399503,14
1492063392.403972,14
1492063392.408690,14
1492063392.413121,14
1492063392.416915,14
1492063392.420961,14
1492063392.425775,14
1492063392.431330,14
1492063392.435774,14
1492063392.440332,14
1492063392.444277,14
1492063392.448391,14
1492063392.452335,14
1492063392.456678,14
1492063392.460620,14
1492063392.466323,14
1492063392.470643,14
1492063392.474903,14
1492063392.478879,14
1492063392.483095,14
1492063392.487810,14
1492063392.493967,14
1492063392.498948,14
1492063392.503351,14
1492063392.507782,14
1492063392.512325,14
1492063392.516426,14
1492063392.520176,14
1492063392.525588,14
1492063392.529917,14
1492063392.534242,14
1492063392.539219,14
1492063392.543237,14
1492063392.547199,14
1492063392.551031,14
1492063392.555848,14
1492063392.560998,14
1492063392.565295,14
1492063392.569796,14
1492063392.573927,14
1492063392.577476,14
1492063392.581683,14
1492063392.585829,14
1492063392.590408,14
1492063392.594392,14
1492063392.600182,14
1492063392.604305,14
1492063392.608365,14
1492063392.612287,14
1492063392.617859,14
1492063392.621964,14
1492063392.626086,14
1492063392.630218,14
1492063392.634310,14
1492063392.638729,14
1492063392.642795,14
1492063392.646798,14
1492063392.650988,14
1492063392.654995,14
1492063392.659168,14
1492063392.663719,14
1492063392.667687,14
1492063392.671604,14
1492063392.675558,14
1492063392.679498,14
1492063392.683355,14
1492063392.687301,14
1492063392.691940,14
1492063392.697497,14
1492063392.702359,14
1492063392.706637,14
1492063392.711192,14
1492063392.715357,14
1492063392.719517,14
1492063392.725462,14
1492063392.729685,14
1492063392.734095,14
1492063392.738000,14
1492063392.742746,14
1492063392.746735,14
1492063392.750914,14
1492063392.756818,14
1492063392.760770,14
1492063392.764884,14
1492063392.768995,14
1492063392.773322,14
1492063392.777698,14
1492063392.781790,14
1492063392.785917,14
1492063392.791142,14
1492063392.795660,14
1492063392.800709,14
1492063392.807692,14
1492063392.811699,14
1492063392.816080,14
1492063392.821883,14
1492063392.825783,14
1492063392.829813,14
1492063392.836316,14
1492063392.840519,14
1492063392.844769,14
1492063392.849465,14
1492063392.853621,14
1492063392.858611,14
1492063392.862728,14
1492063392.866494,14
1492063392.872473,14
1492063392.876582,14
1492063392.880478,14
1492063392.884615,14
1492063392.889715,14
1492063392.894392,14
1492063392.899510,14
1492063392.903647,14
1492063392.907935,14
1492063392.912432,14
1492063392.916887,14
1492063392.921477,14
1492063392.925335,14
1492063392.929387,14
1492063392.933742,14
1492063392.937852,14
1492063392.942488,14
1492063392.947825,14
1492063392.951895,14
1492063392.956025,14
1492063392.959978,14
1492063392.968004,14
1492063392.972296,14
1492063392.977735,14
1492063392.982114,14
1492063392.986587,14
1492063392.993106,14
1492063392.997558,14
1492063393.001462,14
1492063393.005720,14
1492063393.010021,14
1492063393.013791,14
1492063393.017648,14
1492063393.021843,14
1492063393.026315,14
1492063393.030343,14
1492063393.034380,14
1492063393.040566,14
1492063393.044265,14
1492063393.048013,14
1492063393.052299,14
1492063393.056765,14
1492063393.060608,14
1492063393.064998,14
1492063393.070187,14
1492063393.074302,14
1492063393.078085,14
1492063393.082070,14
1492063393.086926,14
1492063393.091130,14
1492063393.095138,14
1492063393.101138,14
1492063393.106043,14
1492063393.109978,14
1492063393.114052,14
1492063393.118180,14
1492063393.122483,14
1492063393.126409,14
1492063393.131512,14
1492063393.135530,14
1492063393.139983,14
1492063393.143887,14
1492063393.147921,14
1492063393.152712,14
1492063393.156929,14
1492063393.161995,14
1492063393.166133,14
1492063393.170906,14
1492063393.175206,14
1492063393.179027,14
1492063393.182741,14
1492063393.186528,14
1492063393.190753,14
1492063393.195150,14
1492063393.200115,14
1492063393.204513,14
1492063393.208572,14
1492063393.212900,14
1492063393.217266,14
1492063393.222089,14
1492063393.226290,14
1492063393.230514,14
1492063393.234623,14
1492063393.239594,14
1492063393.244582,14
1492063393.248301,14
1492063393.252653,14
1492063393.256818,14
1492063393.261616,14
1492063393.265640,14
1492063393.271970,14
1492063393.275985,14
1492063393.279904,14
1492063393.283645,14
1492063393.289000,14
1492063393.292735,14
1492063393.297259,14
1492063393.302838,14
1492063393.307404,14
1492063393.311250,14
1492063393.315412,14
1492063393.319789,14
1492063393.323785,14
1492063393.327632,14
1492063393.332527,14
1492063393.337581,14
1492063393.341761,14
1492063393.345427,14
1492063393.349339,14
1492063393.353261,14
1492063393.357380,14
1492063393.361067,14
1492063393.366306,14
1492063393.370083,14
1492063393.373963,14
1492063393.378013,14
1492063393.382828,14
1492063393.387912,14
1492063393.392398,14
1492063393.397527,14
1492063393.402364,14
1492063393.407071,14
1492063393.411294,14
1492063393.415618,14
1492063393.419918,14
1492063393.424311,14
1492063393.429281,14
1492063393.433471,14
1492063393.437672,14
1492063393.441925,14
1492063393.445948,14
1492063393.449927,14
1492063393.454418,14
1492063393.458835,14
1492063393.463051,14
1492063393.467223,14
1492063393.471903,14
1492063393.475791,14
1492063393.479591,14
1492063393.484181,14
1492063393.490341,14
1492063393.494514,14
1492063393.498300,14
1492063393.502627,14
1492063393.507660,14
1492063393.511737,14
1492063393.515715,14
1492063393.520836,14
1492063393.525856,14
1492063393.530195,14
1492063393.534223,14
1492063393.539421,14
1492063393.543170,14
1492063393.547280,14
1492063393.552094,14
1492063393.556251,14
1492063393.560931,14
1492063393.565126,14
1492063393.569254,14
1492063393.573529,14
1492063393.577500,14
1492063393.581900,14
1492063393.586209,14
1492063393.590297,14
1492063393.594090,14
1492063393.600049,14
1492063393.604321,14
1492063393.608280,14
1492063393.612506,14
1492063393.616655,14
1492063393.621143,14
1492063393.625168,14
1492063393.629228,14
1492063393.634869,14
1492063393.639499,14
1492063393.644578,14
1492063393.648750,14
1492063393.653095,14
1492063393.657198,14
1492063393.661637,14
1492063393.665417,14
1492063393.669840,14
1492063393.673979,14
1492063393.677882,14
1492063393.681942,14
1492063393.686263,14
1492063393.690926,14
1492063393.695796,14
1492063393.699849,14
1492063393.704198,14
1492063393.709100,14
1492063393.712902,14
1492063393.716630,14
1492063393.720167,14
1492063393.725016,14
1492063393.728887,14
1492063393.733090,14
1492063393.737555,14
1492063393.741183,14
1492063393.745038,14
1492063393.748684,14
1492063393.753302,14
1492063393.757844,14
1492063393.761664,14
1492063393.765903,14
1492063393.770504,14
1492063393.775187,14
1492063393.779243,14
1492063393.783369,14
1492063393.788068,14
1492063393.792395,14
1492063393.796865,14
1492063393.801154,14
1492063393.805788,14
1492063393.810095,14
1492063393.814113,14
1492063393.819105,14
1492063393.823510,14
1492063393.828753,14
1492063393.833318,14
1492063393.837597,14
1492063393.841566,14
1492063393.845759,14
1492063393.849849,14
1492063393.854126,14
1492063393.857923,14
1492063393.862745,14
1492063393.866727,14
1492063393.871181,14
1492063393.874910,14
1492063393.881619,14
1492063393.886265,14
1492063393.890445,14
1492063393.894441,14
1492063393.899560,14
1492063393.903643,14
1492063393.907750,14
1492063393.912812,14
1492063393.917081,14
1492063393.920981,14
1492063393.927864,14
1492063393.932616,14
1492063393.936722,14
1492063393.941566,14
1492063393.945450,14
1492063393.949265,14
1492063393.953578,14
1492063393.957354,14
1492063393.962661,14
1492063393.966947,14
1492063393.971976,14
1492063393.975996,14
1492063393.979763,14
1492063393.983977,14
1492063393.989833,14
1492063393.994421,14
1492063393.998667,14
1492063394.004829,14
1492063394.011059,14
1492063394.015237,14
1492063394.020759,14
1492063394.025195,14
1492063394.029945,14
1492063394.037622,14
1492063394.042258,14
1492063394.046670,14
1492063394.051307,14
1492063394.055086,14
1492063394.059329,14
1492063394.063115,14
1492063394.068847,14
1492063394.072780,14
1492063394.076474,14
1492063394.080575,14
1492063394.084832,14
1492063394.088528,14
1492063394.092396,14
1492063394.098554,14
1492063394.102860,14
1492063394.107148,14
1492063394.111388,14
1492063394.115422,14
1492063394.119711,14
1492063394.123337,14
1492063394.128009,14
1492063394.132252,14
1492063394.136521,14
1492063394.140374,14
1492063394.144456,14
1492063394.148971,14
1492063394.153275,14
1492063394.158565,14
1492063394.163044,14
1492063394.166995,14
1492063394.170809,14
1492063394.176479,14
1492063394.180548,14
1492063394.184299,14
1492063394.188978,14
1492063394.193042,14
1492063394.196640,14
1492063394.200905,14
1492063394.205918,14
1492063394.210483,14
1492063394.214660,14
1492063394.219214,14
1492063394.223491,14
1492063394.227139,14
1492063394.231615,14
1492063394.235728,14
1492063394.241285,14
1492063394.245578,14
1492063394.249877,14
1492063394.254423,14
1492063394.258199,14
1492063394.261955,14
1492063394.265446,14
1492063394.269653,14
1492063394.273880,14
1492063394.277824,14
1492063394.281568,14
1492063394.286769,14
1492063394.290572,14
1492063394.294497,14
1492063394.298469,14
1492063394.304137,14
1492063394.308618,14
1492063394.312895,14
1492063394.318364,14
1492063394.322508,14
1492063394.326455,14
1492063394.332475,14
1492063394.337467,14
1492063394.341818,14
1492063394.346783,14
1492063394.351531,14
1492063394.355364,14
1492063394.359659,14
1492063394.363619,14
1492063394.369174,14
1492063394.373122,14
1492063394.381022,14
1492063394.387956,14
1492063394.392097,14
1492063394.395758,14
1492063394.400255,14
1492063394.404655,14
1492063394.412406,14
1492063394.416866,14
1492063394.421883,14
1492063394.426203,14
1492063394.430347,14
1492063394.434920,14
1492063394.440004,14
1492063394.443966,14
1492063394.448049,14
1492063394.451783,14
1492063394.455949,14
1492063394.459745,14
1492063394.463660,14
1492063394.469921,14
1492063394.474321,14
1492063394.478798,14
1492063394.482818,14
1492063394.488304,14
1492063394.492267,14
1492063394.496217,14
1492063394.500399,14
1492063394.504677,14
1492063394.508749,14
1492063394.513116,14
1492063394.517819,14
1492063394.523023,14
1492063394.527452,14
1492063394.534261,14
1492063394.538433,14
1492063394.542584,14
1492063394.546646,14
1492063394.550850,14
1492063394.557330,14
1492063394.561742,14
1492063394.565926,14
1492063394.569953,14
1492063394.573827,14
1492063394.577615,14
1492063394.583116,14
1492063394.587328,14
1492063394.591459,14
1492063394.596561,14
1492063394.600927,14
1492063394.605038,14
1492063394.609366,14
1492063394.614534,14
1492063394.620073,14
1492063394.624220,14
1492063394.629682,14
1492063394.633921,14
1492063394.637980,14
1492063394.642042,14
1492063394.647060,14
1492063394.651213,14
1492063394.655590,14
1492063394.659845,14
1492063394.664457,14
1492063394.668525,14
1492063394.672915,14
1492063394.676977,14
1492063394.680871,14
1492063394.685203,14
1492063394.690176,14
1492063394.694561,14
1492063394.698503,14
1492063394.702451,14
1492063394.707963,14
1492063394.711787,14
1492063394.716544,14
1492063394.721117,14
1492063394.725334,14
1492063394.729540,14
1492063394.734717,14
1492063394.738999,14
1492063394.742786,14
1492063394.746779,14
1492063394.751100,14
1492063394.755441,14
1492063394.759339,14
1492063394.763239,14
1492063394.768321,14
1492063394.772314,14
1492063394.776442,14
1492063394.780870,14
1492063394.786133,14
1492063394.789924,14
1492063394.794255,14
1492063394.798391,14
1492063394.803156,14
1492063394.807347,14
1492063394.811989,14
1492063394.816550,14
1492063394.821015,14
1492063394.825077,14
1492063394.829011,14
1492063394.834023,14
1492063394.838373,14
1492063394.842693,14
1492063394.847584,14
1492063394.851571,14
1492063394.855480,14
1492063394.860058,14
1492063394.863974,14
1492063394.867998,14
1492063394.871829,14
1492063394.875950,14
1492063394.880969,14
1492063394.885453,14
1492063394.890418,14
1492063394.894333,14
1492063394.898487,14
1492063394.902364,14
1492063394.907393,14
1492063394.911551,14
1492063394.916326,14
1492063394.920903,14
1492063394.925044,14
1492063394.930047,14
1492063394.934459,14
1492063394.938978,14
1492063394.942912,14
1492063394.947221,14
1492063394.952137,14
1492063394.956380,14
1492063394.960138,14
1492063394.964274,14
1492063394.968798,14
1492063394.973350,14
1492063394.977311,14
1492063394.981355,14
1492063394.986493,14
1492063394.990852,14
1492063394.995430,14
1492063395.001244,14
1492063395.005364,14
1492063395.009591,14
1492063395.014474,14
1492063395.020294,14
1492063395.025865,14
1492063395.029968,14
1492063395.034441,14
1492063395.038545,14
1492063395.042846,14
1492063395.048683,14
1492063395.052794,14
1492063395.056468,14
1492063395.060280,14
1492063395.063958,14
1492063395.069503,14
1492063395.073504,14
1492063395.077727,14
1492063395.081976,14
1492063395.086597,14
1492063395.090502,14
1492063395.094734,14
1492063395.098614,14
1492063395.102436,14
1492063395.106598,14
1492063395.110779,14
1492063395.115069,14
1492063395.119176,14
1492063395.123675,14
1492063395.130459,14
1492063395.134633,14
1492063395.139462,14
1492063395.143639,14
1492063395.147514,14
1492063395.151429,14
1492063395.155302,14
1492063395.160296,14
1492063395.164754,14
1492063395.169101,14
1492063395.173738,14
1492063395.177687,14
1492063395.181920,14
1492063395.186280,14
1492063395.191561,14
1492063395.196278,14
1492063395.200276,14
1492063395.205984,14
1492063395.209731,14
1492063395.213903,14
1492063395.217986,14
1492063395.222793,14
1492063395.227092,14
1492063395.231525,14
1492063395.236291,14
1492063395.241114,14
1492063395.245484,14
1492063395.249606,14
1492063395.254664,14
1492063395.258954,14
1492063395.264172,14
1492063395.268614,14
1492063395.273011,14
1492063395.277484,14
1492063395.282739,14
1492063395.286807,14
1492063395.290544,14
1492063395.294812,14
1492063395.300172,14
1492063395.304193,14
1492063395.307981,14
1492063395.312220,14
1492063395.318233,14
1492063395.322363,14
1492063395.327682,14
1492063395.331492,14
1492063395.335662,14
1492063395.339601,14
1492063395.345433,14
1492063395.350622,14
1492063395.354636,14
1492063395.359079,14
1492063395.363099,14
1492063395.367581,14
1492063395.371560,14
1492063395.376840,14
1492063395.381090,14
1492063395.385030,14
1492063395.389310,14
1492063395.393920,14
1492063395.398638,14
1492063395.402957,14
1492063395.406942,14
1492063395.410639,14
1492063395.414285,14
1492063395.418372,14
1492063395.425253,14
1492063395.429714,14
1492063395.434016,14
1492063395.438407,14
1492063395.442239,14
1492063395.446833,14
1492063395.451372,14
1492063395.456596,14
1492063395.461044,14
1492063395.465605,14
1492063395.469733,14
1492063395.473455,14
1492063395.476947,14
1492063395.480716,14
1492063395.485113,14
1492063395.489609,14
1492063395.493888,14
1492063395.499676,14
1492063395.504749,14
1492063395.508522,14
1492063395.512905,14
1492063395.517541,14
1492063395.521820,14
1492063395.527396,14
1492063395.533715,14
1492063395.538396,14
1492063395.544517,14
1492063395.548822,14
1492063395.552569,14
1492063395.556580,14
1492063395.561516,14
1492063395.565968,14
1492063395.570222,14
1492063395.574129,14
1492063395.577800,14
1492063395.582756,14
1492063395.586997,14
1492063395.591339,14
1492063395.596492,14
1492063395.600932,14
1492063395.604806,14
1492063395.609048,14
1492063395.612942,14
1492063395.617199,14
1492063395.620856,14
1492063395.624822,14
1492063395.631884,14
1492063395.637090,14
1492063395.641503,14
1492063395.646530,14
1492063395.650717,14
1492063395.655533,14
1492063395.659509,14
1492063395.664006,14
1492063395.667763,14
1492063395.672432,14
1492063395.676398,14
1492063395.680618,14
1492063395.686628,14
1492063395.690854,14
1492063395.695101,14
1492063395.699275,14
1492063395.703518,14
1492063395.707149,14
1492063395.711149,14
1492063395.715443,14
1492063395.719491,14
1492063395.724015,14
1492063395.729298,14
1492063395.736185,14
1492063395.740169,14
1492063395.744201,14
1492063395.749553,14
1492063395.753798,14
1492063395.757668,14
1492063395.762044,14
1492063395.767163,14
1492063395.771941,14
1492063395.776198,14
1492063395.781288,14
1492063395.785416,14
1492063395.789732,14
1492063395.793586,14
1492063395.800454,14
1492063395.804877,14
1492063395.808597,14
1492063395.812946,14
1492063395.817022,14
1492063395.821146,14
1492063395.825305,14
1492063395.831434,14
1492063395.835826,14
1492063395.839876,14
1492063395.844081,14
1492063395.848893,14
1492063395.853112,14
1492063395.857109,14
1492063395.862916,14
1492063395.867057,14
1492063395.871256,14
1492063395.875244,14
1492063395.879455,14
1492063395.883518,14
1492063395.887532,14
1492063395.891458,14
1492063395.895551,14
1492063395.899581,14
1492063395.904944,14
1492063395.908740,14
1492063395.912816,14
1492063395.916715,14
1492063395.920880,14
1492063395.925733,14
1492063395.930500,14
1492063395.937383,14
1492063395.941165,14
1492063395.945239,14
1492063395.950281,14
1492063395.954507,14
1492063395.958931,14
1492063395.962983,14
1492063395.968153,14
1492063395.972109,14
1492063395.975955,14
1492063395.980415,14
1492063395.984152,14
1492063395.988004,14
1492063395.992321,14
1492063395.996726,14
1492063396.003735,14
1492063396.007748,14
1492063396.011958,14
1492063396.016418,14
1492063396.021217,14
1492063396.025200,14
1492063396.031418,14
1492063396.036142,14
1492063396.041561,14
1492063396.046861,14
1492063396.051177,14
1492063396.055204,14
1492063396.059633,14
1492063396.064076,14
1492063396.068365,14
1492063396.072176,14
1492063396.076095,14
1492063396.080056,14
1492063396.084567,14
1492063396.088789,14
1492063396.093616,14
1492063396.097798,14
1492063396.102102,14
1492063396.106218,14
1492063396.110306,14
1492063396.114958,14
1492063396.119011,14
1492063396.123659,14
1492063396.127826,14
1492063396.132366,14
1492063396.136930,14
1492063396.140876,14
1492063396.144755,14
1492063396.149079,14
1492063396.154371,14
1492063396.158497,14
1492063396.162437,14
1492063396.166396,14
1492063396.171651,14
1492063396.176043,14
1492063396.180300,14
1492063396.184393,14
1492063396.188839,14
1492063396.192954,14
1492063396.196982,14
1492063396.201153,14
1492063396.205109,14
1492063396.208972,14
1492063396.212844,14
1492063396.218690,14
1492063396.222634,14
1492063396.227033,14
1492063396.232317,14
1492063396.236698,14
1492063396.240684,14
1492063396.244684,14
1492063396.248890,14
1492063396.254315,14
1492063396.258262,14
1492063396.262965,14
1492063396.266984,14
1492063396.271329,14
1492063396.275573,14
1492063396.281155,14
1492063396.285501,14
1492063396.289288,14
1492063396.293125,14
1492063396.300507,14
1492063396.304768,14
1492063396.310700,14
1492063396.316383,14
1492063396.320299,14
1492063396.324367,14
1492063396.329798,14
1492063396.334880,14
1492063396.339963,14
1492063396.344469,14
1492063396.349012,14
1492063396.353383,14
1492063396.357477,14
1492063396.361577,14
1492063396.365548,14
1492063396.369337,14
1492063396.375290,14
1492063396.380127,14
1492063396.384265,14
1492063396.388486,14
1492063396.392129,14
1492063396.397050,14
1492063396.401008,14
1492063396.405249,14
1492063396.409661,14
1492063396.414192,14
1492063396.418391,14
1492063396.422271,14
1492063396.426140,14
1492063396.430845,14
1492063396.439875,14
1492063396.447756,14
1492063396.453268,14
1492063396.457235,14
1492063396.462924,14
1492063396.467320,14
1492063396.471698,14
1492063396.476199,14
1492063396.483036,14
1492063396.487297,14
1492063396.491279,14
1492063396.495332,14
1492063396.501635,14
1492063396.506334,14
1492063396.510564,14
1492063396.515177,14
1492063396.519264,14
1492063396.523208,14
1492063396.527731,14
1492063396.532704,14
1492063396.536944,14
1492063396.541926,14
1492063396.550074,14
1492063396.554551,14
1492063396.559492,14
1492063396.564313,14
1492063396.568564,14
1492063396.572688,14
1492063396.577256,14
1492063396.583986,14
1492063396.588495,14
1492063396.592985,14
1492063396.597602,14
1492063396.601513,14
1492063396.606677,14
1492063396.611952,14
1492063396.616321,14
1492063396.620355,14
1492063396.624581,14
1492063396.629116,14
1492063396.633837,14
1492063396.642257,14
1492063396.647425,14
1492063396.654488,14
1492063396.658437,14
1492063396.662809,14
1492063396.667372,14
1492063396.674875,14
1492063396.679703,14
1492063396.684976,14
1492063396.689029,14
1492063396.693293,14
1492063396.697477,14
1492063396.701756,14
1492063396.706288,14
1492063396.710322,14
1492063396.714988,14
1492063396.719294,14
1492063396.723101,14
1492063396.727455,14
1492063396.736610,14
1492063396.740894,14
1492063396.746760,14
1492063396.750927,14
1492063396.755127,14
1492063396.759600,14
1492063396.768620,14
1492063396.772733,14
1492063396.778411,14
1492063396.783288,14
1492063396.787388,14
1492063396.791408,14
1492063396.796659,14
1492063396.800736,14
1492063396.804641,14
1492063396.810368,14
1492063396.814649,14
1492063396.818581,14
1492063396.823541,14
1492063396.828425,14
1492063396.833025,14
1492063396.836817,14
1492063396.842888,14
1492063396.846932,14
1492063396.851124,14
1492063396.855041,14
1492063396.860722,14
1492063396.864895,14
1492063396.868709,14
1492063396.872834,14
1492063396.876654,14
1492063396.880437,14
1492063396.884322,14
1492063396.888809,14
1492063396.893067,14
1492063396.897553,14
1492063396.902863,14
1492063396.906877,14
1492063396.911182,14
1492063396.915422,14
1492063396.919445,14
1492063396.923407,14
1492063396.927391,14
1492063396.931650,14
1492063396.935670,14
1492063396.939877,14
1492063396.944766,14
1492063396.948769,14
1492063396.953941,14
1492063396.958807,14
1492063396.962974,14
1492063396.966987,14
1492063396.970923,14
1492063396.975479,14
1492063396.980104,14
1492063396.984708,14
1492063396.988827,14
1492063396.993182,14
1492063396.997034,14
1492063397.001014,14
1492063397.004979,14
1492063397.009741,14
1492063397.015886,14
1492063397.020655,14
1492063397.024957,14
1492063397.029348,14
1492063397.033382,14
1492063397.037865,14
1492063397.044052,14
1492063397.048832,14
1492063397.053262,14
1492063397.057462,14
1492063397.062134,14
1492063397.066684,14
1492063397.070604,14
1492063397.074538,14
1492063397.078903,14
1492063397.083234,14
1492063397.087663,14
1492063397.092139,14
1492063397.096443,14
1492063397.100889,14
1492063397.105494,14
1492063397.109629,14
1492063397.114001,14
1492063397.117951,14
1492063397.121958,14
1492063397.126286,14
1492063397.130549,14
1492063397.135311,14
1492063397.139614,14
1492063397.144064,14
1492063397.148251,14
1492063397.152742,14
1492063397.156872,14
1492063397.161114,14
1492063397.164991,14
1492063397.169771,14
1492063397.174452,14
1492063397.178336,14
1492063397.183209,14
1492063397.187750,14
1492063397.191924,14
1492063397.196717,14
1492063397.200746,14
1492063397.205019,14
1492063397.209505,14
1492063397.214369,14
1492063397.218322,14
1492063397.222335,14
1492063397.226246,14
1492063397.230447,14
1492063397.235120,14
1492063397.239440,14
1492063397.245184,14
1492063397.250393,14
1492063397.255202,14
1492063397.260032,14
1492063397.263996,14
1492063397.268211,14
1492063397.272753,14
1492063397.276973,14
1492063397.281217,14
1492063397.284907,14
1492063397.289346,14
1492063397.295737,14
1492063397.299358,14
1492063397.303306,14
1492063397.309940,14
1492063397.314438,14
1492063397.318657,14
1492063397.322730,14
1492063397.328050,14
1492063397.332435,14
1492063397.336961,14
1492063397.341380,14
1492063397.346084,14
1492063397.350274,14
1492063397.354223,14
1492063397.358322,14
1492063397.363311,14
1492063397.367454,14
1492063397.374129,14
1492063397.379227,14
1492063397.383447,14
1492063397.387186,14
1492063397.391337,14
1492063397.395580,14
1492063397.400129,14
1492063397.404327,14
1492063397.408702,14
1492063397.412760,14
1492063397.416730,14
1492063397.420658,14
1492063397.424616,14
1492063397.429043,14
1492063397.433147,14
1492063397.437027,14
1492063397.441217,14
1492063397.445317,14
1492063397.449898,14
1492063397.453570,14
1492063397.457518,14
1492063397.462386,14
1492063397.466587,14
1492063397.470707,14
1492063397.474777,14
1492063397.479430,14
1492063397.483425,14
1492063397.487307,14
1492063397.491168,14
1492063397.495410,14
1492063397.499812,14
1492063397.504394,14
1492063397.508619,14
1492063397.512690,14
1492063397.516828,14
1492063397.520506,14
1492063397.525484,14
1492063397.529536,14
1492063397.533586,14
1492063397.537556,14
1492063397.541874,14
1492063397.546795,14
1492063397.551360,14
1492063397.555194,14
1492063397.559328,14
1492063397.565374,14
1492063397.569963,14
1492063397.574119,14
1492063397.578031,14
1492063397.581929,14
1492063397.585954,14
1492063397.589831,14
1492063397.594041,14
1492063397.597826,14
1492063397.602186,14
1492063397.606592,14
1492063397.610946,14
1492063397.614722,14
1492063397.619009,14
1492063397.622838,14
1492063397.627057,14
1492063397.630856,14
1492063397.635763,14
1492063397.640686,14
1492063397.645374,14
1492063397.653840,14
1492063397.661024,14
1492063397.670717,14
1492063397.676328,14
1492063397.684265,14
1492063397.688384,14
1492063397.692707,14
1492063397.698459,14
1492063397.703407,14
1492063397.707978,14
1492063397.715689,14
1492063397.719759,14
1492063397.724135,14
1492063397.732270,14
1492063397.736676,14
1492063397.742725,14
1492063397.749310,14
1492063397.754457,14
1492063397.763146,14
1492063397.768078,14
1492063397.772910,14
1492063397.781399,14
1492063397.785733,14
1492063397.791600,14
1492063397.797807,14
1492063397.803175,14
1492063397.807900,14
1492063397.812152,14
1492063397.816355,14
1492063397.820723,14
1492063397.825658,14
1492063397.829892,14
1492063397.833814,14
1492063397.838994,14
1492063397.843404,14
1492063397.847543,14
1492063397.852897,14
1492063397.857634,14
1492063397.861973,14
1492063397.866242,14
1492063397.870875,14
1492063397.877193,14
1492063397.881754,14
1492063397.886168,14
1492063397.890318,14
1492063397.894395,14
1492063397.900131,14
1492063397.904451,14
1492063397.908724,14
1492063397.912931,14
1492063397.917327,14
1492063397.921510,14
1492063397.925790,14
1492063397.931083,14
1492063397.935726,14
1492063397.939909,14
1492063397.944282,14
1492063397.948956,14
1492063397.953780,14
1492063397.957806,14
1492063397.962623,14
1492063397.967121,14
1492063397.971775,14
1492063397.975743,14
1492063397.979931,14
1492063397.984264,14
1492063397.988366,14
1492063397.993645,14
1492063397.997511,14
1492063398.001682,14
1492063398.005525,14
1492063398.009543,14
1492063398.013298,14
1492063398.017225,14
1492063398.021120,14
1492063398.025322,14
1492063398.029553,14
1492063398.033524,14
1492063398.039032,14
1492063398.044169,14
1492063398.048365,14
1492063398.053454,14
1492063398.059239,14
1492063398.064708,14
1492063398.075011,14
1492063398.086795,14
1492063398.094573,14
1492063398.098838,14
1492063398.104100,14
1492063398.109903,14
1492063398.114196,14
1492063398.123186,14
1492063398.128298,14
1492063398.135323,14
1492063398.140131,14
1492063398.146178,14
1492063398.154366,14
1492063398.159380,14
1492063398.169639,14
1492063398.176967,14
1492063398.183784,14
1492063398.192152,14
1492063398.201054,14
1492063398.205922,14
1492063398.211735,14
1492063398.216522,14
1492063398.220691,14
1492063398.224752,14
1492063398.229114,14
1492063398.233182,14
1492063398.236812,14
1492063398.240678,14
1492063398.244782,14
1492063398.249327,14
1492063398.253352,14
1492063398.260459,14
1492063398.265332,14
1492063398.269474,14
1492063398.276028,14
1492063398.280304,14
1492063398.284274,14
1492063398.289470,14
1492063398.294595,14
1492063398.299064,14
1492063398.303865,14
1492063398.308815,14
1492063398.313467,14
1492063398.317552,14
1492063398.323822,14
1492063398.328626,14
1492063398.334406,14
1492063398.344836,14
1492063398.350441,14
1492063398.358345,14
1492063398.363009,14
1492063398.369875,14
1492063398.375547,14
1492063398.380319,14
1492063398.388286,14
1492063398.393474,14
1492063398.408113,14
1492063398.419573,14
1492063398.423909,14
1492063398.429811,14
1492063398.434435,14
1492063398.439273,14
1492063398.445555,14
1492063398.450371,14
1492063398.455347,14
1492063398.461808,14
1492063398.465627,14
1492063398.469757,14
1492063398.475548,14
1492063398.479888,14
1492063398.484020,14
1492063398.487940,14
1492063398.492650,14
1492063398.496748,14
1492063398.500810,14
1492063398.507065,14
1492063398.511331,14
1492063398.515358,14
1492063398.519191,14
1492063398.523628,14
1492063398.527505,14
1492063398.531503,14
1492063398.535838,14
1492063398.540473,14
1492063398.544461,14
1492063398.548309,14
1492063398.552461,14
1492063398.556543,14
1492063398.560675,14
1492063398.564677,14
1492063398.568555,14
1492063398.572923,14
1492063398.576999,14
1492063398.580950,14
1492063398.585331,14
1492063398.589313,14
1492063398.593323,14
1492063398.597645,14
1492063398.603273,14
1492063398.607577,14
1492063398.611633,14
1492063398.615583,14
1492063398.620072,14
1492063398.624519,14
1492063398.628987,14
1492063398.633690,14
1492063398.638741,14
1492063398.643424,14
1492063398.648420,14
1492063398.652097,14
1492063398.656493,14
1492063398.661142,14
1492063398.665684,14
1492063398.669665,14
1492063398.673839,14
1492063398.678608,14
1492063398.682513,14
1492063398.686450,14
1492063398.690815,14
1492063398.695373,14
1492063398.699573,14
1492063398.704159,14
1492063398.708400,14
1492063398.712497,14
1492063398.716343,14
1492063398.720418,14
1492063398.725499,14
1492063398.729492,14
1492063398.733610,14
1492063398.738039,14
1492063398.742264,14
1492063398.745788,14
1492063398.749747,14
1492063398.753886,14
1492063398.759150,14
1492063398.763659,14
1492063398.767938,14
1492063398.772995,14
1492063398.777243,14
1492063398.781394,14
1492063398.785432,14
1492063398.792023,14
1492063398.796619,14
1492063398.800652,14
1492063398.805373,14
1492063398.809888,14
1492063398.815002,14
1492063398.819192,14
1492063398.824521,14
1492063398.834284,14
1492063398.842023,14
1492063398.846202,14
1492063398.854389,14
1492063398.858733,14
1492063398.863227,14
1492063398.869105,14
1492063398.875866,14
1492063398.885727,14
1492063398.896691,14
1492063398.901294,14
1492063398.906488,14
1492063398.911298,14
1492063398.921627,14
1492063398.926726,14
1492063398.930926,14
1492063398.936357,14
1492063398.942870,14
1492063398.954095,14
1492063398.959228,14
1492063398.963676,14
1492063398.968081,14
1492063398.973147,14
1492063398.977676,14
1492063398.982467,14
1492063398.986627,14
1492063398.990783,14
1492063398.994466,14
1492063398.998536,14
1492063399.002634,14
1492063399.007079,14
1492063399.011071,14
1492063399.014793,14
1492063399.019958,14
1492063399.024067,14
1492063399.028335,14
1492063399.032435,14
1492063399.038018,14
1492063399.042223,14
1492063399.046629,14
1492063399.051821,14
1492063399.056322,14
1492063399.060381,14
1492063399.064493,14
1492063399.071163,14
1492063399.075846,14
1492063399.079767,14
1492063399.084823,14
1492063399.088727,14
1492063399.093327,14
1492063399.097819,14
1492063399.101713,14
1492063399.105745,14
1492063399.109985,14
1492063399.115371,14
1492063399.119245,14
1492063399.123723,14
1492063399.127901,14
1492063399.131804,14
1492063399.135832,14
1492063399.140376,14
1492063399.145873,14
1492063399.150588,14
1492063399.154983,14
1492063399.159842,14
1492063399.164473,14
1492063399.168829,14
1492063399.173015,14
1492063399.177266,14
1492063399.181019,14
1492063399.185153,14
1492063399.189576,14
1492063399.193769,14
1492063399.198005,14
1492063399.202349,14
1492063399.207634,14
1492063399.211583,14
1492063399.215685,14
1492063399.219433,14
1492063399.224685,14
1492063399.228569,14
1492063399.232291,14
1492063399.236248,14
1492063399.240437,14
1492063399.244572,14
1492063399.248498,14
1492063399.253108,14
1492063399.256837,14
1492063399.260907,14
1492063399.264932,14
1492063399.269208,14
1492063399.273533,14
1492063399.277442,14
1492063399.281650,14
1492063399.286434,14
1492063399.291537,14
1492063399.295537,14
1492063399.299614,14
1492063399.304077,14
1492063399.308616,14
1492063399.312821,14
1492063399.318040,14
1492063399.322416,14
1492063399.326251,14
1492063399.330433,14
1492063399.334133,14
1492063399.338503,14
1492063399.342676,14
1492063399.346910,14
1492063399.351284,14
1492063399.356146,14
1492063399.360426,14
1492063399.364734,14
1492063399.369227,14
1492063399.374017,14
1492063399.379287,14
1492063399.384082,14
1492063399.388693,14
1492063399.393077,14
1492063399.396792,14
1492063399.400538,14
1492063399.405594,14
1492063399.411362,14
1492063399.415938,14
1492063399.420798,14
1492063399.425312,14
1492063399.429023,14
1492063399.432899,14
1492063399.437186,14
1492063399.441682,14
1492063399.445543,14
1492063399.449976,14
1492063399.454634,14
1492063399.463972,14
1492063399.469309,14
1492063399.478208,14
1492063399.484477,14
1492063399.493414,14
1492063399.502117,14
1492063399.507023,14
1492063399.511708,14
1492063399.515975,14
1492063399.523367,14
1492063399.528226,14
1492063399.533471,15
1492063399.544908,15
1492063399.551362,15
1492063399.556074,15
1492063399.560991,15
1492063399.565360,15
1492063399.575413,15
1492063399.581436,15
1492063399.586876,15
1492063399.591425,15
1492063399.596363,15
1492063399.606485,15
1492063399.610862,15
1492063399.614788,15
1492063399.619745,15
1492063399.623830,15
1492063399.629782,15
1492063399.633826,15
1492063399.637528,15
1492063399.641551,15
1492063399.645896,15
1492063399.650551,15
1492063399.655179,15
1492063399.659685,15
1492063399.663858,15
1492063399.668209,15
1492063399.672143,15
1492063399.677038,15
1492063399.680921,15
1492063399.685320,15
1492063399.691077,15
1492063399.695893,15
1492063399.700274,15
1492063399.704076,15
1492063399.708464,15
1492063399.712375,15
1492063399.716574,15
1492063399.721207,15
1492063399.725290,15
1492063399.729597,15
1492063399.733595,15
1492063399.737768,15
1492063399.741960,15
1492063399.745725,15
1492063399.749883,15
1492063399.754483,15
1492063399.758410,15
1492063399.762791,15
1492063399.767163,15
1492063399.771338,15
1492063399.775416,15
1492063399.779233,15
1492063399.783612,15
1492063399.790909,15
1492063399.798467,15
1492063399.802837,15
1492063399.806753,15
1492063399.811089,15
1492063399.815766,15
1492063399.820021,15
1492063399.824146,15
1492063399.828581,15
1492063399.833888,15
1492063399.837614,15
1492063399.841530,15
1492063399.845589,15
1492063399.850555,15
1492063399.854999,15
1492063399.860136,15
1492063399.871128,15
1492063399.876182,15
1492063399.881741,15
1492063399.891874,15
1492063399.899452,15
1492063399.904875,15
1492063399.916186,15
1492063399.926496,15
1492063399.934796,15
1492063399.940502,15
1492063399.949955,15
1492063399.962473,15
1492063399.967094,15
1492063399.971160,15
1492063399.977005,15
1492063399.983404,15
1492063399.994907,15
1492063400.002532,15
1492063400.014878,15
1492063400.019854,15
1492063400.024124,15
1492063400.028341,15
1492063400.032379,15
1492063400.037169,15
1492063400.041258,15
1492063400.045461,15
1492063400.052263,15
1492063400.056717,15
1492063400.060871,15
1492063400.064650,15
1492063400.069824,15
1492063400.074025,15
1492063400.080072,15
1492063400.086593,15
1492063400.090719,15
1492063400.094793,15
1492063400.098660,15
1492063400.103463,15
1492063400.107872,15
1492063400.111604,15
1492063400.116311,15
1492063400.121010,15
1492063400.125433,15
1492063400.129828,15
1492063400.133893,15
1492063400.138647,15
1492063400.145259,15
1492063400.149470,15
1492063400.154790,15
1492063400.158755,15
1492063400.162867,15
1492063400.167256,15
1492063400.171352,15
1492063400.176717,15
1492063400.181586,15
1492063400.185986,15
1492063400.190982,15
1492063400.195043,15
1492063400.199130,15
1492063400.203562,15
1492063400.207526,15
1492063400.211345,15
1492063400.215609,15
1492063400.220288,15
1492063400.225595,15
1492063400.229581,15
1492063400.234019,15
1492063400.238233,15
1492063400.242593,15
1492063400.246502,15
1492063400.250578,15
1492063400.255345,15
1492063400.259474,15
1492063400.263221,15
1492063400.267642,15
1492063400.271495,15
1492063400.275425,15
1492063400.279783,15
1492063400.287394,15
1492063400.291658,15
1492063400.295607,15
1492063400.299777,15
1492063400.305105,15
1492063400.309243,15
1492063400.313734,15
1492063400.317736,15
1492063400.322266,15
1492063400.326262,15
1492063400.330432,15
1492063400.334415,15
1492063400.338336,15
1492063400.342333,15
1492063400.346306,15
1492063400.350380,15
1492063400.354692,15
1492063400.358797,15
1492063400.363513,15
1492063400.367811,15
1492063400.371940,15
1492063400.376301,15
1492063400.380680,15
1492063400.384834,15
1492063400.388896,15
1492063400.393180,15
1492063400.398155,15
1492063400.402643,15
1492063400.407004,15
1492063400.411656,15
1492063400.415903,15
1492063400.420324,15
1492063400.425190,15
1492063400.429498,15
1492063400.434371,15
1492063400.438930,15
1492063400.452409,15
1492063400.460575,15
1492063400.465139,15
1492063400.472870,15
1492063400.482989,15
1492063400.493854,15
1492063400.499423,15
1492063400.508391,15
1492063400.518360,15
1492063400.525608,15
1492063400.530014,15
1492063400.536664,15
1492063400.541522,15
1492063400.546853,15
1492063400.556223,15
1492063400.563818,15
1492063400.572281,15
1492063400.577220,15
1492063400.587851,15
1492063400.593359,15
1492063400.597598,15
1492063400.602493,15
1492063400.608114,15
1492063400.615263,15
1492063400.619584,15
1492063400.624178,15
1492063400.632117,15
1492063400.635911,15
1492063400.640090,15
1492063400.644341,15
1492063400.649206,15
1492063400.653490,15
1492063400.658091,15
1492063400.662256,15
1492063400.666216,15
1492063400.670570,15
1492063400.674576,15
1492063400.678604,15
1492063400.682672,15
1492063400.687665,15
1492063400.692746,15
1492063400.697484,15
1492063400.702495,15
1492063400.706464,15
1492063400.710391,15
1492063400.714669,15
1492063400.718530,15
1492063400.722691,15
1492063400.726382,15
1492063400.730245,15
1492063400.734642,15
1492063400.738891,15
1492063400.743507,15
1492063400.747524,15
1492063400.752326,15
1492063400.756558,15
1492063400.761077,15
1492063400.765027,15
1492063400.769395,15
1492063400.773928,15
1492063400.777709,15
1492063400.783743,15
1492063400.790261,15
1492063400.794419,15
1492063400.800724,15
1492063400.804675,15
1492063400.808929,15
1492063400.812759,15
1492063400.817687,15
1492063400.821841,15
1492063400.825719,15
1492063400.830949,15
1492063400.835388,15
1492063400.839318,15
1492063400.848131,15
1492063400.858268,15
1492063400.863254,15
1492063400.872543,15
1492063400.877244,15
1492063400.892047,15
1492063400.902637,15
1492063400.912483,15
1492063400.918516,15
1492063400.930935,15
1492063400.940531,15
1492063400.945658,15
1492063400.952479,15
1492063400.962493,15
1492063400.968728,15
1492063400.972823,15
1492063400.977156,15
1492063400.983136,15
1492063400.988310,15
1492063400.993982,15
1492063400.999433,15
1492063401.003962,15
1492063401.008727,15
1492063401.012941,15
1492063401.017963,15
1492063401.022051,15
1492063401.026704,15
1492063401.032434,15
1492063401.036665,15
1492063401.040616,15
1492063401.045116,15
1492063401.049885,15
1492063401.054380,15
1492063401.058706,15
1492063401.063136,15
1492063401.067629,15
1492063401.071852,15
1492063401.076144,15
1492063401.082200,15
1492063401.087014,15
1492063401.091393,15
1492063401.095904,15
1492063401.100180,15
1492063401.104040,15
1492063401.107943,15
1492063401.112927,15
1492063401.118302,15
1492063401.123846,15
1492063401.128595,15
1492063401.133361,15
1492063401.137721,15
1492063401.141628,15
1492063401.145538,15
1492063401.149799,15
1492063401.154164,15
1492063401.158586,15
1492063401.163290,15
1492063401.167422,15
1492063401.172300,15
1492063401.176438,15
1492063401.181145,15
1492063401.185512,15
1492063401.191604,15
1492063401.195758,15
1492063401.199868,15
1492063401.204953,15
1492063401.208911,15
1492063401.212823,15
1492063401.217600,15
1492063401.221552,15
1492063401.225302,15
1492063401.229253,15
1492063401.235842,15
1492063401.239864,15
1492063401.243740,15
1492063401.247961,15
1492063401.252227,15
1492063401.256257,15
1492063401.260104,15
1492063401.264651,15
1492063401.268986,15
1492063401.272964,15
1492063401.277038,15
1492063401.281788,15
1492063401.289688,15
1492063401.296288,15
1492063401.301725,15
1492063401.307343,15
1492063401.312960,15
1492063401.316968,15
1492063401.321405,15
1492063401.325384,15
1492063401.331711,15
1492063401.335896,15
1492063401.340098,15
1492063401.344615,15
1492063401.351321,15
1492063401.356350,15
1492063401.362135,15
1492063401.366301,15
1492063401.371528,15
1492063401.376450,15
1492063401.381458,15
1492063401.386026,15
1492063401.395775,15
1492063401.400791,15
1492063401.405105,15
1492063401.410628,15
1492063401.415504,15
1492063401.422933,15
1492063401.428533,15
1492063401.433628,15
1492063401.438665,15
1492063401.452935,15
1492063401.460448,15
1492063401.464742,15
1492063401.473964,15
1492063401.478413,15
1492063401.483099,15
1492063401.491433,15
1492063401.498843,15
1492063401.507543,15
1492063401.511986,15
1492063401.523348,15
1492063401.528117,15
1492063401.533290,15
1492063401.537658,15
1492063401.542146,15
1492063401.549223,15
1492063401.554790,15
1492063401.559698,15
1492063401.571272,15
1492063401.575865,15
1492063401.580396,15
1492063401.584994,15
1492063401.590152,15
1492063401.594982,15
1492063401.599484,15
1492063401.603522,15
1492063401.607415,15
1492063401.612462,15
1492063401.617001,15
1492063401.621333,15
1492063401.625637,15
1492063401.629707,15
1492063401.633740,15
1492063401.638479,15
1492063401.642438,15
1492063401.646534,15
1492063401.650561,15
1492063401.655238,15
1492063401.660314,15
1492063401.664742,15
1492063401.670500,15
1492063401.674787,15
1492063401.678936,15
1492063401.683868,15
1492063401.688446,15
1492063401.693025,15
1492063401.697698,15
1492063401.702242,15
1492063401.706635,15
1492063401.711376,15
1492063401.716661,15
1492063401.720610,15
1492063401.724592,15
1492063401.728537,15
1492063401.734339,15
1492063401.738394,15
1492063401.742183,15
1492063401.746353,15
1492063401.750432,15
1492063401.754107,15
1492063401.758338,15
1492063401.764281,15
1492063401.768604,15
1492063401.773400,15
1492063401.777885,15
1492063401.781736,15
1492063401.785877,15
1492063401.790085,15
1492063401.794988,15
1492063401.800532,15
1492063401.805109,15
1492063401.810326,15
1492063401.814434,15
1492063401.819291,15
1492063401.825688,15
1492063401.835081,15
1492063401.841770,15
1492063401.851426,15
1492063401.856365,15
1492063401.871840,15
1492063401.882050,15
1492063401.891584,15
1492063401.896223,15
1492063401.901552,15
1492063401.910544,15
1492063401.920085,15
1492063401.926390,15
1492063401.931735,15
1492063401.936748,15
1492063401.946880,15
1492063401.952074,15
1492063401.956882,15
1492063401.962864,15
1492063401.970996,15
1492063401.975356,15
1492063401.980454,15
1492063401.985115,15
1492063401.989396,15
1492063401.993176,15
1492063401.998302,15
1492063402.002681,15
1492063402.007233,15
1492063402.013282,15
1492063402.018158,15
1492063402.022329,15
1492063402.027052,15
1492063402.031381,15
1492063402.035677,15
1492063402.039992,15
1492063402.045728,15
1492063402.050088,15
1492063402.054076,15
1492063402.058280,15
1492063402.062306,15
1492063402.066560,15
1492063402.070714,15
1492063402.075314,15
1492063402.079658,15
1492063402.088467,15
1492063402.093092,15
1492063402.097385,15
1492063402.101453,15
1492063402.108242,15
1492063402.115095,15
1492063402.119090,15
1492063402.124083,15
1492063402.128114,15
1492063402.132956,15
1492063402.138264,15
1492063402.142657,15
1492063402.146697,15
1492063402.150543,15
1492063402.154569,15
1492063402.158402,15
1492063402.162677,15
1492063402.166901,15
1492063402.171062,15
1492063402.175231,15
1492063402.179626,15
1492063402.183368,15
1492063402.187621,15
1492063402.191168,15
1492063402.195621,15
1492063402.200465,15
1492063402.204855,15
1492063402.208978,15
1492063402.212987,15
1492063402.217204,15
1492063402.221696,15
1492063402.225749,15
1492063402.231104,15
1492063402.237359,15
1492063402.242899,15
1492063402.252774,15
1492063402.261527,15
1492063402.270914,15
1492063402.275755,15
1492063402.283281,15
1492063402.294685,15
1492063402.303174,15
1492063402.310584,15
1492063402.317738,15
1492063402.324127,15
1492063402.335537,15
1492063402.343604,15
1492063402.348981,15
1492063402.353715,15
1492063402.364416,15
1492063402.370504,15
1492063402.377069,15
1492063402.381865,15
1492063402.387103,15
1492063402.391181,15
1492063402.395221,15
1492063402.398904,15
1492063402.402988,15
1492063402.408569,15
1492063402.412507,15
1492063402.417981,15
1492063402.422236,15
1492063402.426610,15
1492063402.430567,15
1492063402.435545,15
1492063402.439252,15
1492063402.443596,15
1492063402.448088,15
1492063402.451882,15
1492063402.455903,15
1492063402.460005,15
1492063402.463817,15
1492063402.468063,15
1492063402.471730,15
1492063402.476809,15
1492063402.481928,15
1492063402.486284,15
1492063402.490507,15
1492063402.494485,15
1492063402.498713,15
1492063402.502968,15
1492063402.506609,15
1492063402.510954,15
1492063402.515718,15
1492063402.519933,15
1492063402.523991,15
1492063402.528724,15
1492063402.533344,15
1492063402.536990,15
1492063402.542464,15
1492063402.546597,15
1492063402.550559,15
1492063402.554853,15
1492063402.558997,15
1492063402.563083,15
1492063402.566965,15
1492063402.570881,15
1492063402.576564,15
1492063402.581302,15
1492063402.585223,15
1492063402.589109,15
1492063402.594078,15
1492063402.598202,15
1492063402.602508,15
1492063402.606567,15
1492063402.610546,15
1492063402.616973,15
1492063402.621800,15
1492063402.626420,15
1492063402.630664,15
1492063402.634555,15
1492063402.638312,15
1492063402.643081,15
1492063402.647454,15
1492063402.651662,15
1492063402.656578,15
1492063402.660534,15
1492063402.664548,15
1492063402.668434,15
1492063402.672499,15
1492063402.676499,15
1492063402.681254,15
1492063402.685752,15
1492063402.689934,15
1492063402.693979,15
1492063402.698367,15
1492063402.702343,15
1492063402.706769,15
1492063402.712011,15
1492063402.715967,15
1492063402.720281,15
1492063402.724437,15
1492063402.728204,15
1492063402.732364,15
1492063402.736104,15
1492063402.740329,15
1492063402.744758,15
1492063402.749668,15
1492063402.754164,15
1492063402.758810,15
1492063402.763132,15
1492063402.767051,15
1492063402.771112,15
1492063402.775754,15
1492063402.779936,15
1492063402.784484,15
1492063402.788976,15
1492063402.794082,15
1492063402.798469,15
1492063402.802843,15
1492063402.807433,15
1492063402.811624,15
1492063402.815777,15
1492063402.820388,15
1492063402.825326,15
1492063402.828985,15
1492063402.833160,15
1492063402.837247,15
1492063402.840974,15
1492063402.845220,15
1492063402.849266,15
1492063402.853244,15
1492063402.857155,15
1492063402.861255,15
1492063402.865053,15
1492063402.870708,15
1492063402.875113,15
1492063402.878945,15
1492063402.883297,15
1492063402.888697,15
1492063402.892625,15
1492063402.896737,15
1492063402.901034,15
1492063402.905961,15
1492063402.910560,15
1492063402.914948,15
1492063402.919972,15
1492063402.926425,15
1492063402.930568,15
1492063402.934188,15
1492063402.938874,15
1492063402.943172,15
1492063402.949988,15
1492063402.954030,15
1492063402.957986,15
1492063402.962715,15
1492063402.966923,15
1492063402.971015,15
1492063402.975541,15
1492063402.981802,15
1492063402.985891,15
1492063402.989663,15
1492063402.994761,15
1492063402.998700,15
1492063403.002848,15
1492063403.007291,15
1492063403.011943,15
1492063403.016845,15
1492063403.021106,15
1492063403.026792,15
1492063403.031586,15
1492063403.035682,15
1492063403.039559,15
1492063403.045728,15
1492063403.049875,15
1492063403.053721,15
1492063403.057579,15
1492063403.062181,15
1492063403.066276,15
1492063403.070038,15
1492063403.075984,15
1492063403.080305,15
1492063403.084203,15
1492063403.089952,15
1492063403.094530,15
1492063403.098740,15
1492063403.103617,15
1492063403.112007,15
1492063403.116587,15
1492063403.120519,15
1492063403.125578,15
1492063403.129456,15
1492063403.134040,15
1492063403.138076,15
1492063403.142185,15
1492063403.146666,15
1492063403.151225,15
1492063403.156216,15
1492063403.160208,15
1492063403.164618,15
1492063403.169484,15
1492063403.173469,15
1492063403.177932,15
1492063403.182848,15
1492063403.187008,15
1492063403.191293,15
1492063403.196520,15
1492063403.200275,15
1492063403.204124,15
1492063403.208392,15
1492063403.214719,15
1492063403.218994,15
1492063403.222851,15
1492063403.227252,15
1492063403.231219,15
1492063403.235292,15
1492063403.239230,15
1492063403.243410,15
1492063403.248298,15
1492063403.252152,15
1492063403.256156,15
1492063403.260745,15
1492063403.264648,15
1492063403.268718,15
1492063403.274231,15
1492063403.283687,15
1492063403.287688,15
1492063403.291869,15
1492063403.296103,15
1492063403.300019,15
1492063403.304761,15
1492063403.312330,15
1492063403.316887,15
1492063403.321342,15
1492063403.325874,15
1492063403.330399,15
1492063403.334580,15
1492063403.339072,15
1492063403.343126,15
1492063403.347181,15
1492063403.351427,15
1492063403.357236,15
1492063403.361405,15
1492063403.365893,15
1492063403.370199,15
1492063403.374439,15
1492063403.378823,15
1492063403.383932,15
1492063403.387996,15
1492063403.392113,15
1492063403.396205,15
1492063403.400857,15
1492063403.405114,15
1492063403.409757,15
1492063403.414714,15
1492063403.419356,15
1492063403.423567,15
1492063403.428072,15
1492063403.432112,15
1492063403.436338,15
1492063403.440322,15
1492063403.444447,15
1492063403.448901,15
1492063403.452711,15
1492063403.456704,15
1492063403.461396,15
1492063403.466144,15
1492063403.470409,15
1492063403.474563,15
1492063403.479172,15
1492063403.484301,15
1492063403.488309,15
1492063403.492291,15
1492063403.496380,15
1492063403.501297,15
1492063403.505298,15
1492063403.510310,15
1492063403.514836,15
1492063403.518769,15
1492063403.523125,15
1492063403.527713,15
1492063403.532076,15
1492063403.536145,15
1492063403.541051,15
1492063403.545798,15
1492063403.549793,15
1492063403.554160,15
1492063403.558074,15
1492063403.562341,15
1492063403.566523,15
1492063403.571308,15
1492063403.575479,15
1492063403.579781,15
1492063403.583515,15
1492063403.587852,15
1492063403.591492,15
1492063403.595542,15
1492063403.599591,15
1492063403.605642,15
1492063403.610605,15
1492063403.616198,15
1492063403.621363,15
1492063403.625945,15
1492063403.630363,15
1492063403.635295,15
1492063403.640002,15
1492063403.645160,15
1492063403.651758,15
1492063403.656201,15
1492063403.660773,15
1492063403.665361,15
1492063403.669575,15
1492063403.673557,15
1492063403.677567,15
1492063403.681829,15
1492063403.686571,15
1492063403.690720,15
1492063403.695993,15
1492063403.699942,15
1492063403.704326,15
1492063403.708539,15
1492063403.713637,15
1492063403.718860,15
1492063403.722848,15
1492063403.729253,15
1492063403.734370,15
1492063403.738197,15
1492063403.743329,15
1492063403.747420,15
1492063403.752266,15
1492063403.756746,15
1492063403.760941,15
1492063403.765256,15
1492063403.769692,15
1492063403.774733,15
1492063403.779258,15
1492063403.783001,15
1492063403.787161,15
1492063403.791447,15
1492063403.796112,15
1492063403.800389,15
1492063403.804712,15
1492063403.809493,15
1492063403.814080,15
1492063403.818035,15
1492063403.822630,15
1492063403.826885,15
1492063403.831466,15
1492063403.839064,15
1492063403.843137,15
1492063403.846926,15
1492063403.850787,15
1492063403.855121,15
1492063403.858997,15
1492063403.863291,15
1492063403.867580,15
1492063403.872832,15
1492063403.877302,15
1492063403.881727,15
1492063403.885702,15
1492063403.889950,15
1492063403.894473,15
1492063403.898534,15
1492063403.902870,15
1492063403.907556,15
1492063403.911572,15
1492063403.915445,15
1492063403.919328,15
1492063403.923835,15
1492063403.928389,15
1492063403.933077,15
1492063403.937430,15
1492063403.941435,15
1492063403.945862,15
1492063403.949802,15
1492063403.953569,15
1492063403.957989,15
1492063403.962649,15
1492063403.966866,15
1492063403.970957,15
1492063403.975016,15
1492063403.979254,15
1492063403.983017,15
1492063403.986959,15
1492063403.991928,15
1492063403.996602,15
1492063404.000881,15
1492063404.005713,15
